spec1 std
0.0063    0.0507    0.0020    0.0010    0.0046    0.0091    
0.0057    0.0168    0.0019    0.0021    0.0050    0.0070    
0.0044    0.0064    0.0021    0.0016    0.0064    0.0071    
0.0045    0.0070    0.0019    0.0013    0.0054    0.0068    
0.0037    0.0062    0.0021    0.0021    0.0048    0.0070    
spec4 std
0.0034    0.0082    0.0040    0.0029    0.0053    0.0070    
0.0043    0.0128    0.0025    0.0033    0.0046    0.0058    
0.0030    0.0108    0.0000    0.0000    0.0055    0.0061    
0.0047    0.0155    0.0024    0.0032    0.0046    0.0060    
0.0000    0.0155    0.0000    0.0000    0.0046    0.0074    
spec1 mean
216.2534  470.4573  241.3265  332.3731  421.4633  7960.8811 
216.0098  465.7903  241.4260  332.4839  420.8061  7918.7350 
215.8881  459.4999  241.2271  331.8190  420.5870  7901.0194 
216.0098  460.7174  241.0281  331.5973  420.8061  7893.1618 
216.2534  459.8043  241.2271  331.3756  421.1347  7885.7327 
spec4 mean
108.8593  154.8959  115.9829  154.5452  521.1112  2120.6631 
115.1610  162.9820  119.2187  157.3820  525.3835  2305.5782 
122.4513  171.2781  122.3534  161.1265  532.0658  2483.4601 
129.0001  180.5194  125.4881  163.0554  538.7481  2628.5203 
137.1553  187.2403  129.4317  166.7999  546.9641  2758.9280 
